1.0 1.0 7.21 
0.18900000000000006 0.79 1.8527922099999998 
0.435211 0.6301100000000001 0.9610194597602101 
0.362700389 0.49973589000000007 0.6202048639198113 
0.38582982401099997 0.39616170811000007 0.422889295042895 
0.37990360589158906 0.31307106824789005 0.2984693086777085 
0.38251830394415276 0.24665781853939617 0.21899383514071982 
0.38239541232741603 0.1935010717920754 0.16813352103334833 
0.382963970171527 0.15097690331038616 0.13557693767879928 
0.3832180759452665 0.11695188294659364 0.11473612095184488 
0.38348184031100885 0.08972932559782225 0.10139498126303356 
0.3836746728104081 0.06794864207514771 0.09285471419467077 
0.38383443706331566 0.050522166932014084 0.08738770230558845 
0.3839606127746218 0.03657938917497811 0.08388802024616268 
0.38406206166308904 0.02542390521223627 0.08164771515967917 
0.38414308038728784 0.016498503553158128 0.08021359434618697 
0.3842079477678948 0.009357372038653625 0.079295548620992 
0.3842598340014771 0.0036438181532439514 0.07870786594766024 
0.38430135178402297 -0.0009275438174196106 0.07833166363544823 
0.3843345685511833 -0.00458504857177592 0.07809083948640315 
0.3843611453518116 -0.00751138454293257 0.07793667703476304 
0.384382409094534 -0.009852719087864172 0.07783799066302695 
0.3843994220534239 -0.011725999361236679 0.07777481704414098 
0.3844130339555318 -0.013224793709523583 0.07773437674774604 
0.3844239247164802 -0.014423965307174184 0.07770848908132215 
0.38443263831341123 -0.01538341149290415 0.07769191721284892 
0.3844396099825923 -0.016151055577457434 0.07768130880882376 
0.38444518795101434 -0.01676524056179187 0.07767451788864828 
0.38444965083236254 -0.01725664432894364 0.07767017071288823 
0.3844532215427483 -0.017649811971478538 0.07766738788867592 
0.38445607843534757 -0.017964381792610312 0.0776656064767836 
0.3844583642088865 -0.018216066218441726 0.0776644661143001 
0.3844601930353096 -0.018417436616842246 0.0776637361165947 
0.3844616562625402 -0.018578551223826893 0.07766326881198088 
0.3844628269772137 -0.018707457541686918 0.07766296966911997 
0.38446376365527557 -0.01881059430312167 0.0776627781742179 
0.3844645130827933 -0.018893113079050092 0.07766265558965282 
