0.0001 0.0005 8.951074731991994e-06
0.0 0.0003 1.773024763270723e-05
0.0001 0.001 3.417449230866267e-05
0.0001 0.0012 6.409689525950037e-05
0.0005 0.0019 0.00011698214155485231
0.0005 0.0031 0.00020775419100977727
0.0003 0.0024 0.0003590274639674672
0.001 0.0045 0.0006037445191205297
0.0009 0.006 0.0009879304760133359
0.002 0.0065 0.001573066985753183
0.0022 0.0106 0.0024373376776363966
0.0045 0.0129 0.0036747841927606438
0.0054 0.0171 0.005391326442548906
0.0095 0.0187 0.007696744504865767
0.0111 0.0245 0.01069217759137722
0.0182 0.0286 0.014453496070384358
0.0212 0.0345 0.019011978119680584
0.0244 0.038 0.024334888171119808
0.0353 0.0384 0.03030951979679071
0.0413 0.0435 0.036734692485621244
0.0468 0.0515 0.043323288361865955
0.051 0.0563 0.04971804809275271
0.054 0.051 0.0555206291386413
0.0727 0.0592 0.06033125218805878
0.0644 0.0563 0.06379372350726085
0.0636 0.0532 0.0656388881767995
0.0669 0.0551 0.06571917947206987
0.0623 0.0464 0.06402811270204117
0.0604 0.0445 0.06070115026477567
0.0507 0.0397 0.05599777780432713
0.0479 0.0365 0.05026808224501543
0.0392 0.0317 0.04390980342891985
0.031 0.0274 0.03732315262457461
0.0293 0.0238 0.030870438646310904
0.022 0.0174 0.02484591140157607
0.0163 0.0159 0.019458740027671156
0.0129 0.0094 0.01482935122738245
0.008 0.0086 0.010997076314533644
0.0068 0.0062 0.007935603828100463
0.006 0.005 0.00557224713462743
0.0035 0.0038 0.0038073991867114882
0.0018 0.0018 0.0025314777113908844
0.0013 0.0018 0.0016378248456607343
0.0011 0.0009 0.0010311182035511192
0.0005 0.0005 0.0006316799684534484
0.0003 0.0009 0.000376559325872143
0.0003 0.0004 0.00021843255341567024
0.0001 0.0003 0.00012329599487342596
0.0001 0.0001 6.772175868410793e-05
0.0002 0.0002 3.619554651674666e-05
