n= 7  l= 106
yflag= 1 2
Y
1
1
1
1
1
1
1
1
1
1
1
1
1
1
1
1
1
1
1
1
1
1
1
1
1
1
1
1
1
1
1
1
1
1
1
1
1
1
1
1
1
1
1
1
1
1
1
1
1
1
1
1
1
1
1
1
1
1
1
1
1
1
1
1
1
1
1
1
1
1
1
1
1
1
1
1
1
1
1
1
1
1
1
1
1
0
0
0
0
0
0
0
0
0
0
0
0
0
0
0
0
0
0
0
0
0

f
12700   91      11557   22      2794    88.7    11264
15600   84      13104   43      6708    81      12636
12200   84      10248   11      1342    78      9516
14000   73      10220   10      1400    75.9    10626
8400    92      7728    15      1260    80.7    6778
13800   85      11730   7       966     83.4    11509
13200   81      10692   2       264     80      10560
13400   92      12328   25      3350    85.6    11470
10700   68      7276    5       535     74.1    7928
12300   97      11931   19      2337    84.4    10381
18000   83      14940   6       1080    79.9    14382
10600   88      9328    15      1590    85.7    9084
13800   77      10626   10      1380    81.7    11274
12800   67      8576    44      5632    63.6    8140
10000   89      8900    21      2100    82.2    8220
10300   89      9167    28      2884    67.3    6931
16000   82      13120   4       640     86.9    13904
11100   94      10434   15      1665    81.6    9057
13800   86      11868   0       0       84.5    11661
12400   74      9176    13      1612    73      9052
7100    74      5254    51      3621    89.4    6347
15600   86      13416   26      4056    83.9    13088
16400   75      12300   5       820     81.3    13333
14100   94      13254   12      1692    84.7    11942
11300   78      8814    11      1243    77.5    8757
13100   83      10873   7       917     81.6    10689
14100   92      12972   7       987     85.1    11999
5300    83      4399    45      2385    84.1    4399
11800   70      8260    4       472     75.8    8944
13200   82      10824   0       0       87.5    11550
14700   89      13083   4       588     84.8    12465
13800   84      11592   25      3450    78.5    10833
13200   87      11484   6       792     84      11088
12400   70      8680    21      2604    70.2    8704
9100    61      5551    13      1183    55.2    5023
16800   83      11944   26      4368    90.2    15153
21100   85      17935   18      3798    85.6    18061
9200    83      7636    24      1932    82.3    7571
20800   87      18096   21      4368    80.8    16806
12000   87      10440   14      1680    78.6    9432
15500   76      11780   4       620     76.4    11842
15200   89      13528   38      5776    84.6    12859
19200   81      15552   1       192     85.5    16416
18000   91      16380   7       1260    92.2    16596
15400   85      13090   10      1540    80.5    12397
12800   92      11776   8       1024    81.1    10381
18800   81      15228   20      3760    71.3    13404
10600   89      9434    6       636     85.2    9031
15000   82      12300   4       600     76.9    11535
15500   84      13020   10      1550    77.2    11966
13500   74      9990    13      1755    81.1    10949
15300   95      14535   14      2142    84.1    12867
14400   77      11088   6       864     80.6    11606
15200   74      11248   13      1976    75.2    11430
21800   85      18530   40      8720    86.6    18879
14500   88      12760   8       1160    85.2    12354
17900   83      14857   19      3401    82.6    14785
8800    90      7920    40      352     84      7392
19300   74      14282   0       0       86      16598
13600   88      11968   24      3264    86.5    11764
17100   90      15390   45      7695    88.2    15082
8700    84      7308    72      6264    70.9    6168
8900    65      5785    35      2670    63.2    5625
17700   93      16461   5       885     85.4    15134
14900   84      12516   17      2533    83.1    12382
16400   90      14760   33      5412    88.9    14580
23800   87      20706   5       1190    82.3    19587
4500    69      3105    45      2025    76.6    3447
13300   89      11837   8       1064    82.8    11012
15700   83      13031   11      1727    79.3    12450
10000   52      5200    18      1800    57      5700
14500   79      11455   15      2175    72      10469
8900    78      6942    0       0       76      6764
17700   77      13629   23      4071    80.4    14231
9200    83      7636    1       92      83.6    7691
17200   76      13072   2       344     73.1    12573
12300   74      9102    4       492     66.5    8180
12900   74      9546    37      4773    79.4    10243
14500   79      11455   6       870     73      10585
21400   82      17548   52      11128   69.8    14937
14000   90      12600   6       840     88.6    12464
6200    41      2542    0       0       47.1    2920
13100   90      11790   22      2882    88.3    11567
13500   86      11610   4       540     84.8    11448
14300   92      13156   12      1716    89.1    12741
8700    72      6264    0       0       80.9    7038
14200   81      11502   8       1136    80.5    11431
6200    70      4340    4       248     69.9    4333
8100    52      4212    4       324     53.1    4301
9200    86      7912    8       736     81.2    7470
6500    50      3250    24      1560    55.1    3581
5900    51      3009    2       118     54.7    3227
12100   78      9438    23      2783    80.6    9752
8200    78      6396    3       246     67.3    5518
6600    55      3630    9       594     57.2    3775
5200    74      3848    42      2184    73.1    3801
5500    59      3245    5       275     52.9    2910
26400   84      22176   2       528     86.7    22889
8500    56      4760    0       0       53.8    4573
3900    54      2106    0       0       66.1    2578
12100   85      10285   3       363     79.1    9571
8100    64      5184    4       324     61.6    4990
12400   82      10168   20      2480    78.1    9685
8100    53      4293    0       0       59.4    4811
10600   62      6572    11      1166    65.7    6964
6100    75      4575    3       183     77.3    4715



